61 332
61 332
61 332
58 332
58 333
59 333
58 332
57 334
57 334
52 336
49 336
49 338
49 338
49 337
48 339
48 339
48 338
48 338
48 338
48 338
48 338
48 338
47 338
48 339
48 340
48 341
48 343
48 344
47 345
48 348
48 347
48 349
45 349
45 350
45 350
45 350
45 351
45 353
44 354
41 354
40 355
40 358
37 357
36 358
36 362
37 363
37 363
36 363
36 364
35 367
34 368
34 368
30 368
31 369
31 368
34 369
33 369
33 369
33 371
33 371
33 372
33 374
32 375
32 375
32 375
32 375
32 379
33 379
33 379
33 381
33 380
33 380
35 381
35 381
35 382
35 382
35 385
35 384
35 384
38 386
36 386
36 387
37 388
36 389
37 389
39 390
39 390
38 390
39 390
43 392
43 391
42 391
47 391
46 391
49 391
52 392
52 392
57 392
61 391
64 392
65 390
69 389
73 388
74 385
78 384
81 382
84 378
84 374
87 373
91 368
95 363
98 359
98 355
101 351
102 348
105 343
108 340
109 337
109 330
113 325
113 321
117 315
118 308
121 303
122 296
125 289
128 283
132 274
135 270
135 262
136 255
138 248
138 242
141 236
142 232
144 227
144 222
145 217
146 212
148 205
148 200
149 195
150 189
150 184
153 180
153 173
153 169
153 164
153 159
154 154
155 150
156 146
157 142
159 138
159 135
159 131
160 124
161 121
161 118
163 114
163 112
163 109
163 107
163 104
163 104
162 104
163 103
165 103
164 103
164 103
163 103
163 103
163 105
162 108
161 112
158 117
154 131
154 131
154 137
150 147
145 150
144 158
143 164
142 170
139 175
137 181
134 187
135 191
132 195
130 205
130 205
128 209
128 213
127 220
124 225
124 230
124 237
121 243
119 249
117 255
117 260
115 267
114 271
112 277
112 282
109 289
109 294
106 299
106 305
106 311
106 318
105 322
102 328
102 332
98 337
99 342
100 345
97 349
98 355
95 359
95 362
95 366
94 367
91 372
90 376
91 379
90 382
87 385
89 388
88 390
85 390
86 391
87 391
87 392
86 392
86 392
87 392
87 392
86 392
86 392
85 392
87 392
87 391
87 389
89 385
89 380
93 376
95 371
98 368
99 363
101 359
103 354
107 352
109 347
113 343
115 339
119 335
121 333
122 331
126 330
129 327
132 326
134 324
136 324
136 324
138 323
140 323
142 323
144 323
144 322
147 323
147 323
149 323
149 324
149 325
152 330
154 335
153 337
152 337
153 340
154 342
154 345
155 347
156 351
156 354
156 356
155 361
154 361
154 363
155 367
155 367
155 367
158 368
158 368
159 368
159 369
163 369
165 369
168 370
170 370
173 371
175 371
178 371
181 371
184 371
186 371
190 372
193 370
196 370
199 369
202 369
203 369
204 369
208 368
211 366
214 366
215 367
218 365
219 365
220 364
224 362
226 360
227 360
231 358
233 356
235 354
235 351
238 349
238 345
241 343
241 342
243 341
245 339
244 337
245 336
248 334
248 330
248 329
247 326
251 324
251 323
251 321
250 318
251 316
253 314
253 314
253 311
252 308
254 307
253 307
253 306
250 305
251 303
251 304
247 302
248 301
245 300
244 298
241 297
239 296
237 295
233 294
229 294
228 294
224 294
223 297
219 297
218 298
214 301
210 304
209 306
205 308
202 312
199 316
199 321
196 325
192 334
192 335
191 336
189 340
189 341
189 343
187 345
188 345
187 349
188 351
188 353
188 355
189 355
189 364
188 365
190 366
190 369
191 372
191 374
191 376
194 377
193 381
195 381
195 383
199 384
198 386
201 388
204 390
204 390
207 391
208 392
211 393
211 392
214 393
217 395
220 394
222 394
223 395
225 395
229 395
229 396
232 395
235 395
236 395
238 395
242 394
243 395
246 395
251 392
251 393
255 390
257 392
260 391
262 390
266 390
268 390
269 389
273 389
275 386
279 386
281 385
284 383
286 382
290 379
293 380
295 379
299 376
300 376
302 375
305 373
307 374
311 372
314 371
318 369
319 369
321 367
324 365
327 363
326 363
328 361
330 360
334 356
337 354
338 351
339 348
341 344
345 341
349 337
350 333
353 330
356 326
360 322
364 315
367 310
371 306
375 299
378 296
380 292
385 285
387 282
394 270
394 269
397 266
399 261
403 255
403 252
405 249
407 244
410 238
413 233
414 230
416 223
419 217
423 208
422 208
423 205
424 200
425 196
426 191
425 189
427 184
426 181
426 177
426 170
427 167
426 165
424 164
425 162
423 161
423 161
422 160
423 157
422 158
420 159
418 158
417 158
415 158
414 157
412 161
410 161
408 164
405 168
401 170
399 173
396 177
395 182
391 186
388 191
387 195
384 203
382 207
381 210
379 214
378 218
377 223
377 227
376 232
373 238
371 244
369 250
369 254
367 262
365 266
365 270
364 274
363 278
363 282
361 287
361 291
361 295
361 299
360 302
360 305
359 308
359 309
359 313
359 316
360 318
359 323
359 324
359 328
360 331
359 334
359 336
359 339
359 340
360 344
362 345
361 347
363 349
363 353
363 354
365 355
365 356
367 356
368 356
368 360
371 360
372 361
374 363
379 366
380 366
383 366
385 367
387 368
390 369
392 369
395 369
397 369
400 370
403 370
405 370
407 370
416 367
416 368
419 367
426 365
429 362
432 360
435 357
437 354
442 350
445 347
448 344
451 341
453 338
456 334
460 330
462 326
465 322
467 315
471 313
473 310
477 306
481 299
483 296
486 289
490 285
492 282
495 275
496 271
499 268
502 261
504 258
506 254
508 249
511 244
511 240
513 236
515 231
517 225
520 219
523 215
525 212
527 208
528 203
529 197
530 194
532 191
532 186
533 181
534 177
534 173
534 171
534 166
535 162
535 160
535 157
534 155
533 152
533 149
532 148
532 144
531 145
530 144
529 144
529 141
528 142
527 142
526 142
527 142
526 142
525 142
524 143
522 145
520 144
518 147
516 149
515 152
511 155
509 159
505 162
504 165
501 168
499 172
498 175
496 181
493 184
491 190
489 194
485 203
484 204
482 207
481 211
481 216
480 220
479 225
477 229
476 232
476 235
474 241
474 245
473 247
471 256
471 257
470 258
470 263
469 268
469 271
468 274
468 277
468 279
468 284
467 286
467 289
467 291
467 295
467 296
466 299
468 302
467 303
467 305
468 306
466 310
468 313
469 314
469 318
469 318
469 323
469 324
469 324
470 328
471 328
473 333
472 333
474 335
474 335
476 338
477 338
479 339
480 341
481 342
482 342
485 346
486 346
489 348
490 349
493 350
497 352
498 353
503 355
504 355
509 357
513 357
515 358
517 358
522 359
525 359
527 359
530 359
531 359
537 359
540 358
546 356
551 354
553 352
557 351
558 347
563 345
566 344
568 341
572 340
573 336
575 333
578 332
580 327
582 324
583 321
583 318
584 315
584 313
585 311
584 308
584 305
585 306
584 304
584 304
584 302
584 302
583 302
580 301
580 302
578 302
578 302
575 302
572 302
570 303
567 305
564 309
560 310
558 313
555 317
552 318
550 325
550 325
546 328
547 330
545 334
545 338
543 340
543 344
543 347
543 350
543 352
543 356
543 359
544 363
544 364
547 369
548 374
552 374
556 379
558 382
559 383
563 386
566 386
570 389
573 390
578 390
581 390
587 390
588 391
592 390
593 389
597 388
601 387
601 386
606 384
606 381
610 378
610 375
611 372
615 368
615 365
614 362
615 359
616 357
615 353
616 350
617 349
617 345
614 343
615 340
613 339
611 337
611 333
609 330
608 327
607 325
605 324
603 322
601 321
601 320
601 319
598 319
598 319
595 319
593 319
591 319
589 320
589 320
587 320
587 321
583 322
584 323
585 324
584 325
584 325
584 326
584 329
584 329
584 330
584 332
585 333
585 333
586 334
586 335
590 337
590 337
594 339
599 341
599 340
600 341
603 342
603 342
606 341
607 342
608 342
611 342
613 341
613 342
617 341
618 341
622 340
623 340
627 337
628 337
627 337
631 336
632 335
633 334
634 332
638 332
638 330
640 329
642 327
645 326
646 325
648 324
649 321
652 320
653 318
654 316
656 313
658 311
658 308
662 308
662 305
664 302
666 300
668 297
668 294
670 293
672 291
672 288
674 285
675 282
676 281
676 278
677 277
679 276
679 276
679 276
679 276
678 276
678 276
678 275
678 275
678 276
678 276
678 276
678 276
678 275
678 276
678 276
678 276
678 276
679 276
679 275
679 275
678 276
678 276
678 276
679 276
679 276
679 275
679 275
678 276
678 276
678 276
678 276
678 276
679 276
679 275
679 275
678 276
678 276
678 276
678 276
678 276
678 276
678 276
678 276
678 275
678 275
678 275
678 276
678 276
678 276
678 276
678 276
678 276
678 276
678 276
678 276
678 276
678 275
678 275
678 275
678 275
678 275
678 276
678 276
678 276
677 276
678 276
678 276
678 276
678 276
